E1 1 2 15.0
E2 1 6 15.0
E3 2 3 15.0
E4 2 7 15.0
E5 3 4 15.0
E6 3 8 15.0
E7 4 5 15.0
E8 4 9 15.0
E9 5 10 15.0
E10 6 7 15.0
E11 6 11 15.0
E12 7 8 15.0
E13 7 12 15.0
E14 8 9 15.0
E15 8 13 15.0
E16 9 10 15.0
E17 9 14 15.0
E18 10 15 15.0
E19 11 12 15.0
E20 11 16 15.0
E21 12 13 15.0
E22 12 17 15.0
E23 13 14 15.0
E24 13 18 15.0
E25 14 15 15.0
E26 14 19 15.0
E27 15 20 15.0
E28 16 17 15.0
E29 16 21 15.0
E30 17 18 15.0
E31 17 22 15.0
E32 18 19 15.0
E33 18 23 15.0
E34 19 20 15.0
E35 19 24 15.0
E36 20 25 15.0
E37 21 22 15.0
E38 22 23 15.0
E39 23 24 15.0
E40 24 25 15.0
